15 200
20 24 26 34 38 40 44 45 50 52 56 59 70 71 73 82 85 93 95 96 97 98 106 116 118 124 136 141 146 147 152 160 162 165 169 171 173 183 
2 17 39 40 45 49 63 74 78 88 101 113 115 130 139 163 179 198 
7 9 26 45 48 50 56 64 71 81 83 85 91 114 124 135 141 165 167 177 191 
10 25 28 35 40 55 56 68 72 76 78 94 103 112 132 138 140 141 154 157 161 164 174 
5 20 23 29 35 38 40 42 51 56 57 59 61 72 86 90 93 102 104 108 111 127 128 150 154 164 172 174 177 182 189 193 195 197 200 
1 32 43 45 50 59 85 89 93 95 97 110 133 136 148 152 158 160 173 192 193 196 
1 18 25 32 35 36 38 40 45 50 52 59 67 73 82 89 92 93 95 96 106 108 119 121 129 130 141 146 152 153 159 160 167 170 173 175 193 198 200 
4 14 16 19 35 38 42 46 50 56 79 102 110 121 127 128 130 137 142 143 163 164 167 170 173 176 193 196 200 
14 18 30 35 42 45 54 66 67 84 87 92 93 95 97 107 110 119 122 127 130 136 141 150 152 153 154 160 172 173 187 188 196 200 
6 20 33 58 65 67 85 92 93 95 100 105 108 114 126 130 149 164 167 172 173 181 187 194 
3 5 8 11 12 31 35 38 53 56 57 62 67 72 79 93 95 99 102 108 114 117 128 143 145 147 150 151 153 154 166 167 173 178 187 
5 15 20 21 32 40 41 45 50 52 56 59 72 75 77 80 81 83 106 108 109 131 133 134 136 141 144 146 148 152 172 175 177 180 182 186 193 195 200 
5 15 22 44 45 47 69 83 93 94 105 109 121 136 156 164 180 184 185 190 198 
13 23 25 27 44 56 57 60 71 79 92 93 94 102 108 114 116 117 119 120 125 133 146 147 155 167 172 173 195 197 
2 20 25 32 37 38 40 44 50 56 72 74 78 93 94 105 108 119 123 130 133 134 141 144 152 154 161 163 164 167 168 171 172 173 182 185 199 
