15 200
24 38 44 77 89 91 109 140 147 157 158 168 191 
21 30 34 42 59 64 67 68 69 76 78 104 118 139 142 146 159 172 177 180 188 190 
10 15 31 53 60 71 91 95 97 105 112 125 127 164 196 
36 46 48 103 108 113 120 129 130 134 148 149 156 
6 22 49 87 117 155 161 169 176 186 189 
16 19 29 32 47 52 73 85 90 94 121 126 135 151 153 170 
7 9 19 41 43 51 61 98 100 110 119 131 132 138 184 193 
11 43 55 63 86 99 115 144 145 165 195 
2 4 14 22 33 65 70 79 81 107 114 116 143 162 182 185 187 197 198 
17 54 57 65 82 83 93 136 171 173 175 
3 35 50 56 115 123 160 
1 5 12 20 23 27 37 39 49 66 72 74 80 84 102 128 150 179 
18 26 45 75 88 124 137 154 163 166 167 181 183 192 
8 13 25 40 79 92 106 111 140 152 174 178 194 
28 40 58 62 66 96 101 122 133 140 141 199 200 
