10 200
3 27 29 32 34 55 71 78 90 105 117 120 134 148 149 166 179 182 187 200 
9 13 15 18 33 54 60 63 65 83 89 95 106 113 123 129 137 150 168 177 178 181 184 198 
11 22 28 41 48 66 67 68 75 87 88 102 111 112 125 126 131 143 146 151 158 183 196 
1 14 26 47 50 86 102 104 110 135 139 169 170 172 186 
7 36 45 49 51 52 57 69 71 76 99 116 121 122 128 133 153 157 163 174 175 
8 10 42 44 58 72 91 97 100 107 108 109 136 138 152 154 155 188 
19 24 46 64 74 93 101 103 124 130 140 156 159 160 161 164 165 176 189 194 195 
16 17 20 25 31 35 36 37 40 61 62 73 79 84 85 119 132 138 147 162 173 180 192 199 
6 23 38 39 71 77 80 81 94 114 115 127 142 144 145 165 171 193 
2 4 5 12 21 30 43 53 56 59 70 82 92 96 98 115 118 132 141 167 185 190 191 197 
