25 200
4 8 22 41 77 84 138 147 162 165 175 
29 40 60 63 94 101 104 111 115 121 134 138 179 190 192 200 
2 55 64 92 150 160 171 174 178 183 196 
20 21 41 43 79 97 110 113 116 119 120 124 128 129 137 142 144 145 161 188 
3 11 24 54 60 65 69 88 139 153 167 176 189 
2 5 23 27 83 100 148 154 160 174 180 182 194 196 199 
3 4 12 13 15 24 25 26 28 41 45 56 60 69 77 79 97 122 130 131 132 146 
3 13 19 21 25 31 39 52 57 68 69 74 89 101 119 122 127 131 138 149 151 160 
5 13 28 41 77 118 125 131 141 152 160 180 195 
16 18 22 44 79 82 88 108 115 159 166 168 175 184 
1 7 19 22 52 53 68 72 79 83 93 94 106 109 115 134 137 164 168 173 175 185 190 
19 20 22 28 33 56 60 79 83 97 106 112 124 131 136 137 140 154 156 180 181 182 188 194 198 
20 30 35 52 60 68 69 81 91 93 115 121 131 137 138 139 175 189 194 
8 22 56 79 106 117 138 143 168 175 187 
22 38 46 47 66 71 75 77 79 123 163 172 191 193 
9 10 19 20 21 22 52 53 58 62 67 79 84 85 113 114 116 134 145 158 
14 18 19 31 35 51 52 60 68 76 79 81 85 86 95 108 113 115 121 139 175 189 194 
1 41 56 60 72 74 79 83 106 124 138 143 164 173 190 194 
8 35 51 61 70 78 79 99 105 106 107 128 161 165 169 
6 31 41 49 56 60 74 76 79 102 110 115 119 127 151 157 173 
13 48 69 77 80 98 152 155 160 170 
3 14 18 34 37 44 51 60 83 133 135 189 194 
8 19 22 25 41 57 66 73 75 77 101 106 122 127 131 138 162 175 
8 19 22 32 36 38 42 50 75 77 84 87 96 101 103 106 126 138 145 164 165 177 191 
17 44 59 60 68 82 83 85 88 90 94 101 115 133 138 175 179 186 197 
