25 200
5 93 106 126 163 182 
76 145 150 
48 72 77 95 99 140 176 179 
60 158 159 161 173 
29 30 40 42 45 50 166 189 
18 25 27 37 44 97 107 184 
1 23 53 65 82 109 123 131 
31 75 104 119 132 156 
51 62 69 80 89 101 118 129 142 154 157 188 
17 80 116 151 152 166 195 
34 41 84 92 135 138 148 169 187 190 200 
9 24 36 43 57 68 90 123 181 
12 24 47 66 76 92 117 145 171 183 189 197 199 
2 74 84 91 100 102 121 148 153 155 193 198 
3 11 14 26 64 73 79 105 162 175 178 196 
13 19 67 88 94 103 124 165 194 
6 39 96 98 144 147 185 195 
2 10 28 111 
16 54 78 86 114 146 170 172 
15 21 70 83 125 150 177 192 
33 49 59 85 89 108 143 
55 110 127 133 134 136 141 168 174 185 
4 8 20 35 38 46 56 61 87 115 122 128 130 149 156 167 191 
3 58 63 71 81 113 137 160 170 180 186 
7 22 32 52 112 120 139 164 
