20 200
42 47 70 71 72 87 104 107 114 125 155 157 158 165 186 
19 33 34 45 66 119 145 
13 28 51 57 78 86 96 120 
14 29 39 97 101 127 
3 5 15 58 92 106 142 146 147 152 171 182 195 
6 40 49 54 68 84 126 130 133 138 160 185 
2 11 16 91 190 
7 18 25 41 61 124 132 137 199 
30 62 73 74 94 99 134 173 177 192 
20 31 52 81 85 95 108 129 139 140 141 148 149 159 176 
6 23 75 116 123 
26 88 103 112 121 135 151 167 175 178 184 193 197 
10 32 36 48 56 67 77 90 102 110 128 163 174 
1 9 27 35 43 44 60 79 82 109 136 179 187 
24 53 64 80 122 143 180 198 
76 93 154 156 169 188 189 
8 17 38 46 50 59 69 100 111 115 153 170 181 
4 22 55 65 83 98 113 131 144 150 164 166 183 
12 63 105 118 172 196 200 
21 37 89 117 161 162 168 191 194 
