30 200
96 166 175 177 180 200 
38 47 53 80 111 125 126 130 152 170 180 188 
8 10 19 95 123 131 139 153 175 199 
62 99 113 115 117 118 142 187 
6 37 86 106 111 150 155 156 159 160 186 188 
15 41 55 56 57 64 82 107 134 149 172 180 198 
32 74 81 105 114 135 158 164 192 
7 17 22 26 68 77 117 118 122 127 141 154 
10 20 33 43 60 76 94 100 116 120 143 148 176 182 193 196 198 
16 28 30 58 89 90 103 
13 51 79 91 110 128 137 173 185 
15 24 63 71 139 189 198 
29 35 66 70 117 125 127 129 165 169 181 183 
50 67 99 102 110 115 116 120 127 133 146 180 181 199 
14 34 61 87 120 124 157 183 
9 35 64 127 140 162 163 185 188 198 
18 39 75 90 99 110 112 121 147 159 160 
1 11 73 88 101 119 
29 32 69 84 85 97 104 161 177 194 
26 41 49 77 103 108 171 195 197 198 
26 35 41 66 117 122 124 127 132 183 
25 40 42 87 144 196 
1 18 32 46 52 98 99 121 144 147 160 179 190 194 
3 44 45 68 127 133 154 181 
12 31 65 78 99 136 167 174 199 
5 48 72 83 100 109 115 143 145 168 178 196 
4 54 88 173 198 
21 23 87 92 138 151 153 184 190 191 
22 27 59 77 87 93 103 107 134 
2 36 73 95 99 115 119 131 
