30 200
38 58 119 174 180 
23 32 139 168 199 200 
6 45 116 153 
5 24 44 49 52 132 147 164 175 177 
7 31 69 74 90 120 122 138 150 161 179 
77 189 
110 127 155 182 195 
16 48 59 64 67 71 82 97 141 151 185 191 
8 10 103 162 
2 9 15 21 60 76 105 133 143 148 159 165 166 188 
22 36 193 
39 46 50 111 146 
12 17 70 72 73 87 91 145 
20 29 61 98 123 124 144 152 183 
68 81 99 114 
1 47 66 85 100 118 160 
26 30 42 51 101 149 157 
41 78 112 
106 134 140 173 178 194 
14 34 63 83 88 108 113 142 181 
28 57 80 94 109 130 155 
53 65 84 93 125 136 167 
18 19 25 89 156 158 186 
27 37 79 102 129 
56 104 115 135 184 190 
4 86 96 121 169 198 
54 55 107 126 128 170 171 
35 43 92 95 117 137 
33 40 62 75 116 131 141 176 192 196 197 
3 11 13 154 163 172 187 
