15 200
19 41 104 118 136 184 198 
13 45 51 70 82 88 121 124 140 157 181 189 200 
3 6 9 14 48 60 105 107 109 111 114 130 135 143 161 163 168 172 176 194 195 
15 16 21 27 46 47 54 62 63 64 96 119 122 123 145 165 170 174 196 197 
8 20 22 43 52 89 91 120 125 139 144 159 167 185 188 192 
10 31 44 56 65 66 83 101 108 112 132 175 183 199 
36 40 57 61 149 150 
12 18 25 35 39 53 58 90 93 110 128 147 
29 33 34 55 71 74 79 84 86 92 97 100 106 126 133 138 149 151 178 
5 49 50 59 98 113 127 129 134 152 160 171 193 
2 23 30 42 67 95 103 137 148 158 164 166 169 186 
4 17 24 26 37 80 102 116 117 156 191 
1 32 75 76 81 87 94 146 153 155 177 190 
7 11 28 69 72 77 99 136 142 162 179 182 187 
38 68 73 78 85 115 131 141 154 173 180 
