15 200
3 7 42 52 116 143 144 163 167 168 192 
12 14 17 28 40 54 61 74 78 111 112 153 159 171 173 199 
1 66 77 95 96 105 114 121 122 124 138 162 169 172 174 176 177 179 182 191 
5 6 44 45 62 63 67 72 88 94 100 127 134 149 159 161 168 
9 32 63 82 88 90 91 93 94 98 101 103 110 118 135 152 154 164 165 180 184 187 190 194 195 198 
8 11 37 42 51 102 107 132 139 151 158 159 169 170 178 
2 25 34 43 46 58 65 68 70 78 102 104 109 117 126 131 132 135 136 140 159 167 192 200 
10 19 27 34 39 55 75 81 97 117 120 126 128 142 159 175 189 
4 13 27 33 35 42 49 56 57 59 60 73 83 84 87 92 104 115 128 140 141 148 154 157 169 185 188 196 
13 15 50 69 76 87 92 113 119 120 136 137 145 155 160 162 172 176 183 
20 25 46 47 55 68 71 80 89 98 102 104 117 118 123 133 135 136 150 152 166 193 198 
16 29 48 64 85 117 146 147 162 169 186 200 
2 21 22 31 99 106 146 156 162 167 190 
18 20 23 24 30 36 38 79 83 86 87 98 102 108 116 126 130 161 180 188 
14 26 41 45 53 64 98 100 117 120 125 129 146 156 159 161 168 180 181 186 187 190 197 
