10 200
1 5 6 12 13 17 20 24 28 41 44 46 55 71 72 73 85 87 96 99 103 105 111 117 122 123 129 131 132 134 146 149 154 164 166 168 178 192 193 198 
1 4 6 17 24 28 29 36 40 45 47 57 58 60 65 72 74 87 88 104 109 111 113 117 122 124 134 143 154 161 168 173 183 193 
2 6 7 8 10 19 25 31 48 52 54 59 61 67 71 72 77 80 83 87 88 92 98 101 115 125 127 138 143 145 146 150 154 159 162 163 164 167 179 183 190 
6 7 13 18 21 24 41 46 49 53 61 64 68 72 77 86 87 88 90 93 94 95 99 103 104 107 113 121 127 132 146 154 155 159 162 164 172 175 183 185 193 195 199 
1 6 7 9 13 20 24 27 28 31 35 36 46 50 60 61 62 72 76 77 82 83 86 87 89 96 99 103 104 122 134 135 139 141 151 152 160 164 168 174 176 179 182 189 
2 6 7 11 12 15 20 22 30 42 45 48 51 58 61 70 71 72 78 80 91 97 101 102 104 109 112 124 133 140 143 146 147 154 157 164 165 168 173 179 180 187 188 189 196 200 
1 3 6 7 8 9 10 15 16 28 33 37 43 44 49 54 56 60 61 66 67 71 79 86 89 94 95 96 116 117 120 126 128 134 137 143 144 154 158 164 170 178 181 182 189 190 197 
5 6 8 10 12 15 24 28 31 34 41 45 60 61 67 71 72 77 78 79 83 84 87 91 96 100 102 103 109 110 122 127 132 136 143 146 154 159 164 171 174 175 191 193 196 198 
1 6 7 10 11 12 14 15 17 26 28 36 45 47 54 58 60 61 69 72 73 78 81 96 99 108 111 114 118 122 124 141 143 152 154 156 159 164 168 177 178 193 198 
3 6 16 23 24 32 36 38 39 60 63 72 75 83 96 106 119 130 137 142 148 153 154 169 184 186 189 191 194 197 
