10 200
6 8 44 50 54 66 73 81 95 97 108 118 137 146 174 187 195 196 
3 13 16 20 22 47 52 69 76 78 101 104 107 111 114 125 138 139 145 153 155 159 160 162 164 169 171 179 180 181 187 192 196 200 
24 31 32 42 60 62 68 75 88 89 102 105 124 131 135 148 165 167 196 
5 15 35 39 40 43 51 59 67 72 74 76 77 85 90 93 96 98 106 108 110 112 118 133 140 144 145 149 160 163 183 184 190 191 200 
11 17 30 42 61 73 76 83 85 86 91 94 97 99 109 110 112 119 120 141 153 155 160 182 186 190 194 
7 12 17 18 19 38 45 48 61 65 80 82 121 126 139 142 151 169 185 
10 21 27 36 42 53 55 56 57 77 79 87 92 112 113 118 123 127 128 129 130 132 134 149 161 163 168 170 173 175 196 197 
1 26 30 41 60 64 73 75 77 100 112 117 118 128 149 154 172 175 176 177 178 186 193 
9 14 24 25 28 33 34 37 42 45 49 63 70 75 84 100 104 116 122 128 143 145 147 150 156 157 168 175 186 189 195 199 
2 4 23 29 42 46 58 71 97 103 115 136 149 152 158 166 177 188 189 197 198 
