10 200
7 9 32 56 74 88 93 143 145 155 164 187 188 196 
3 10 11 23 26 46 49 65 68 70 77 126 132 149 163 166 184 
5 15 19 33 34 36 50 76 87 96 104 118 148 151 152 159 172 173 175 194 
22 28 31 59 62 72 85 90 97 106 112 117 134 141 157 163 169 174 177 181 
6 14 29 44 45 52 53 54 64 79 81 99 105 107 111 128 129 137 139 140 153 165 170 182 185 190 193 199 200 
40 50 69 73 86 92 94 95 109 110 116 133 135 136 167 168 178 183 189 195 198 
4 8 13 27 38 48 51 61 67 71 75 91 101 108 123 127 130 131 146 156 161 171 192 
2 17 30 35 41 42 57 58 63 82 114 120 125 160 197 
1 12 18 21 24 25 83 98 100 102 103 138 144 147 162 176 180 186 191 
16 20 37 39 43 47 55 60 66 78 80 84 89 113 115 119 121 122 124 142 150 154 158 179 
