20 200
13 61 170 181 
15 44 49 110 113 125 144 186 191 
3 10 64 70 112 141 
18 26 39 51 67 84 105 127 173 
20 34 45 85 98 106 148 149 178 180 197 
9 24 43 48 55 72 137 143 167 170 182 185 
2 14 20 25 58 93 103 157 164 173 184 
5 7 12 27 43 63 82 121 132 
79 90 116 124 130 140 160 177 180 187 188 192 200 
22 134 138 160 161 171 179 193 
29 67 69 71 75 141 146 158 175 195 197 
17 18 33 53 73 88 96 104 123 174 189 
6 32 41 58 59 78 91 99 118 119 120 136 159 162 167 168 169 173 183 
36 66 67 76 117 157 165 176 196 199 
21 31 57 89 94 139 154 166 194 
1 8 47 52 65 68 80 101 115 128 129 155 163 172 
15 56 97 101 102 107 111 112 122 153 190 
11 16 19 35 42 60 62 81 83 87 92 108 109 142 145 150 151 156 170 
23 30 37 38 54 77 95 114 126 133 172 198 
4 15 28 40 46 50 74 86 100 131 135 147 152 
