25 200
15 38 48 67 104 117 166 
1 47 120 132 157 173 181 200 
12 42 97 107 128 184 
89 92 101 122 134 153 
2 4 41 103 133 185 
21 57 59 61 75 169 179 183 
40 43 93 114 127 161 
20 22 33 36 58 85 102 116 145 147 152 163 176 
74 108 148 186 191 
32 123 136 142 165 189 193 
6 72 141 
16 23 31 87 91 131 155 192 195 
3 5 39 45 68 105 121 129 162 172 
8 14 32 51 52 53 70 99 112 119 124 182 187 188 198 199 
11 19 30 44 64 65 69 86 96 140 154 167 168 
13 25 34 46 77 98 110 111 
9 27 49 55 126 143 180 
24 56 62 80 100 137 146 151 160 196 
17 37 76 82 115 178 
29 63 83 88 113 156 171 177 194 
50 54 78 79 81 84 94 118 158 159 190 
7 18 35 60 95 125 138 139 145 
26 71 130 135 149 150 170 197 
10 90 106 109 
28 66 73 144 164 174 175 
