20 200
53 95 110 116 148 153 167 169 178 179 
7 34 44 49 69 113 115 148 150 163 172 199 
5 12 29 54 68 73 74 79 90 122 135 147 188 
8 21 43 53 80 148 163 167 178 194 
3 33 70 79 87 91 103 109 121 157 160 175 184 185 
24 45 58 116 120 134 149 155 162 165 167 175 186 200 
11 14 15 20 26 28 31 52 63 66 91 111 126 136 144 164 189 
12 16 27 29 41 51 65 106 170 182 183 
34 38 47 54 57 60 62 69 82 85 113 128 131 139 167 175 199 
9 35 37 59 75 78 86 92 101 104 108 112 127 151 173 187 196 
54 67 83 102 103 117 129 149 170 194 
10 18 22 34 46 55 56 61 80 81 133 138 151 156 161 177 198 
26 36 42 67 75 78 80 83 99 110 119 132 141 151 154 155 167 173 195 
1 36 66 71 77 78 80 93 111 114 130 141 143 158 168 180 
4 17 21 40 59 136 151 155 
6 21 30 36 97 116 125 140 151 159 178 181 190 191 
7 19 32 34 39 72 91 97 100 131 137 171 176 194 
2 25 30 58 64 68 84 89 96 97 107 123 159 166 186 194 
7 13 23 30 32 48 50 72 76 88 97 98 100 105 116 118 124 142 146 152 159 169 171 190 192 197 
15 34 45 94 145 159 161 168 174 193 194 
