20 200
5 8 50 57 62 100 102 108 117 122 123 135 145 148 153 185 188 192 193 198 
7 11 15 16 38 41 47 54 66 90 93 123 137 143 150 153 171 192 193 
14 27 28 37 51 56 58 73 78 109 113 123 175 179 181 192 
6 8 11 14 20 30 34 38 42 57 58 59 62 74 77 102 104 123 129 133 150 162 167 179 186 188 192 193 198 200 
14 16 28 37 55 71 106 113 115 123 127 130 131 134 137 144 149 157 162 171 175 177 178 181 
3 6 9 11 24 26 28 51 57 59 78 100 102 150 153 158 162 164 168 169 180 186 192 193 198 
1 12 14 23 37 42 52 61 71 75 87 88 95 106 113 132 137 139 148 150 152 157 172 177 183 184 
21 40 75 78 91 104 111 118 156 159 174 192 193 200 
9 25 27 28 29 43 47 55 57 73 82 86 89 100 106 114 123 137 138 153 154 158 160 192 195 
11 25 38 45 48 67 70 84 100 107 115 120 137 150 195 
2 14 18 22 28 37 40 57 69 75 77 80 87 97 100 101 102 104 119 128 131 140 162 164 179 192 193 198 200 
20 23 34 46 48 57 60 62 63 64 79 85 100 115 121 122 136 146 147 162 163 198 
6 11 14 23 37 38 42 53 57 59 62 69 71 74 75 87 97 101 126 128 133 139 141 148 150 173 182 186 192 198 199 200 
4 8 11 14 35 37 44 62 63 77 80 81 83 94 97 103 104 131 139 142 150 162 176 184 188 191 193 196 
6 9 14 25 33 37 40 48 57 59 67 69 72 74 75 85 87 100 115 130 131 139 140 144 153 162 165 170 172 173 187 
8 18 19 31 41 46 57 59 62 68 98 99 102 105 115 116 122 123 126 150 166 183 186 192 193 198 
18 19 28 32 37 38 42 49 59 97 102 106 109 123 124 126 132 143 151 158 179 183 190 192 195 197 200 
19 28 31 50 51 62 65 102 105 122 123 129 153 161 166 168 185 198 
13 17 19 32 36 39 62 76 112 125 143 151 166 179 189 194 
7 8 10 20 23 24 37 41 42 44 51 59 63 92 93 96 98 100 109 110 116 132 146 147 150 155 162 172 183 186 
