25 200
14 20 27 31 42 80 91 92 108 117 167 188 189 192 
45 89 90 94 95 109 123 126 139 150 157 
44 69 132 148 181 190 
37 49 72 110 138 163 187 194 
19 42 53 153 163 191 197 198 
30 73 81 102 104 125 151 193 
12 18 40 42 43 60 91 105 115 128 135 
28 31 34 43 50 56 67 68 70 107 115 126 143 156 178 186 
5 6 22 66 79 81 86 105 134 151 182 
27 32 40 42 59 62 124 135 144 145 164 174 199 
2 3 27 50 58 85 97 126 139 159 160 173 195 
26 29 36 47 50 100 105 115 119 129 138 
31 39 41 50 53 97 107 109 126 170 171 185 
7 14 27 37 42 48 116 140 155 159 
17 27 54 87 99 111 130 131 179 
8 10 38 43 51 98 120 141 152 
15 23 25 46 51 53 84 93 106 124 149 161 183 
1 24 48 50 57 76 133 142 159 168 
27 55 64 112 114 127 147 163 176 179 
4 9 65 78 82 83 88 137 200 
31 33 66 70 77 91 103 154 180 
21 35 52 75 101 118 122 146 158 162 165 175 184 196 
14 39 92 107 115 121 143 166 
2 11 27 63 96 99 108 113 127 136 160 169 172 176 177 
13 16 61 71 74 84 89 97 101 106 124 
