30 200
30 48 109 136 147 159 
11 67 111 131 133 
3 47 105 129 185 
56 69 85 88 104 196 197 200 
18 44 50 60 134 144 
4 17 26 55 87 90 108 
7 32 53 61 110 118 175 177 
6 183 192 
9 15 90 125 160 164 
1 33 80 84 114 123 124 132 145 168 186 187 
10 63 70 92 127 137 155 189 
14 16 36 38 39 51 52 54 65 89 115 
96 98 106 122 174 
29 37 68 77 158 
45 48 73 74 113 156 173 182 194 
36 
23 60 114 120 149 151 161 176 198 
5 19 42 43 140 148 150 169 188 
28 86 99 107 163 181 199 
33 57 59 94 112 135 146 157 178 190 195 
12 24 41 58 79 97 139 153 
13 25 34 49 116 152 
22 76 119 121 128 166 
71 154 167 170 191 
20 31 62 72 81 130 141 171 
2 64 83 165 184 
82 91 93 101 112 143 
27 35 66 95 100 117 138 142 162 172 180 
8 40 46 75 103 126 179 193 
21 78 102 
