30 200
18 26 27 28 43 100 106 118 124 128 134 138 142 164 170 172 
5 25 40 41 62 72 73 75 106 112 123 126 127 144 146 196 199 
21 22 43 58 65 76 78 82 86 97 102 110 121 129 137 140 143 164 170 171 
2 55 60 61 62 137 157 159 190 
23 31 73 79 81 92 112 115 123 175 192 199 
3 28 43 47 63 83 86 91 101 109 118 125 135 150 159 172 173 184 187 194 
26 32 38 56 64 74 86 93 114 124 131 134 161 168 172 188 193 
13 18 29 30 42 53 60 61 77 78 82 89 91 95 96 145 150 172 
13 19 35 43 58 68 78 82 86 108 109 110 111 150 159 195 
7 17 22 49 59 80 94 129 
18 30 47 51 82 91 98 103 146 153 163 165 193 
9 15 37 39 47 62 70 74 84 86 91 101 104 106 121 122 140 143 146 149 170 193 
1 3 39 40 41 43 55 61 62 70 74 87 104 106 123 132 146 149 181 190 
4 6 8 28 40 55 82 99 105 106 112 127 130 137 138 169 185 196 
10 20 48 55 85 91 100 120 164 169 170 174 178 
3 41 47 54 63 74 103 106 146 155 163 179 184 194 
4 45 47 116 127 137 139 166 
18 24 26 27 42 62 70 71 74 86 87 91 107 117 170 171 189 
1 18 24 30 42 43 53 60 62 70 90 107 117 118 124 132 172 176 197 
3 26 43 52 58 91 94 150 162 177 
3 43 62 63 74 88 91 95 116 123 131 140 146 161 172 173 178 186 
30 43 61 63 78 91 102 113 123 132 137 140 146 158 180 
2 18 24 30 32 55 60 69 74 86 91 106 113 124 137 140 146 154 168 171 176 193 
11 42 44 50 67 106 133 152 156 157 167 169 185 191 
22 31 46 82 102 112 119 137 160 
6 14 34 43 100 127 137 140 141 146 147 148 182 185 
18 26 33 47 55 91 146 153 155 162 164 174 200 
12 57 58 61 66 100 129 140 146 169 198 
6 13 18 20 43 58 77 78 91 94 97 102 135 136 150 154 164 183 184 187 
4 6 13 16 36 55 71 106 116 130 131 137 138 140 151 154 170 171 186 
