15 100
5 9 18 20 28 31 32 33 36 38 41 44 49 50 51 59 63 71 73 96 
9 18 22 55 76 79 87 100 
19 28 32 36 38 54 59 63 73 81 
10 64 88 95 98 
2 12 15 18 27 36 38 43 47 63 64 66 75 77 97 
9 20 21 25 28 31 50 58 59 63 75 
1 9 22 24 25 30 33 36 39 41 44 48 49 50 63 70 73 75 87 90 96 
8 23 38 41 46 53 62 70 73 74 78 83 84 86 88 93 96 
2 5 9 14 37 38 39 41 50 52 59 63 65 70 77 80 85 86 
3 17 32 45 57 65 70 77 
11 15 16 29 34 36 45 53 56 59 63 67 68 69 70 72 75 77 82 85 86 88 
6 9 18 28 32 35 36 38 41 44 49 64 71 73 90 91 92 96 99 
7 13 18 25 32 35 36 41 42 63 75 89 92 94 
5 9 15 20 26 33 40 60 61 64 65 75 
4 9 18 22 26 36 41 43 49 57 63 66 70 73 75 89 90 93 96 100 
