15 200
4 39 41 42 65 78 92 103 109 129 136 138 170 179 
1 10 29 95 118 121 128 130 148 156 197 
5 7 18 30 80 85 89 99 114 137 166 171 
22 25 38 51 60 67 69 75 124 149 176 183 185 
8 11 16 17 32 57 73 91 105 106 108 135 153 164 173 180 
36 52 54 82 94 112 116 157 175 
3 6 14 35 48 62 64 87 96 102 125 131 132 146 177 181 193 
9 19 33 34 49 55 59 84 93 101 107 122 127 151 154 155 194 
12 20 43 68 79 81 90 115 117 126 139 141 169 
15 24 45 46 56 83 134 143 161 174 192 200 
2 21 23 31 50 61 66 72 100 110 142 147 150 159 163 186 195 
26 77 111 133 140 145 160 162 
28 37 40 44 47 53 86 97 113 120 144 158 168 178 182 187 188 196 
58 70 74 88 98 104 119 167 184 198 
13 27 63 71 76 123 124 138 152 165 172 189 190 191 199 
