10 200
4 7 23 29 42 48 54 58 61 65 86 88 119 133 141 148 151 161 163 170 172 176 181 182 
5 9 12 18 27 28 30 35 38 42 44 64 65 80 91 104 107 108 114 120 124 142 154 163 171 176 187 196 200 
2 10 14 16 36 39 45 50 59 62 63 70 72 79 91 94 95 97 99 109 125 135 136 139 145 156 178 180 199 
3 4 11 12 31 42 45 49 58 62 83 85 89 91 95 96 106 112 118 122 144 154 197 
2 23 24 27 32 38 47 49 76 95 114 116 117 121 122 123 130 135 141 144 145 154 155 160 162 167 173 183 184 185 193 199 
6 14 17 22 25 42 44 47 56 64 74 78 84 91 101 105 124 128 129 177 179 191 
1 12 15 20 25 27 42 43 52 53 55 62 71 79 87 90 95 103 111 113 116 123 130 132 135 145 147 186 192 194 195 199 
2 8 13 21 26 32 42 57 66 77 81 82 84 87 89 95 100 112 115 116 125 126 127 129 147 157 163 164 168 169 170 172 174 188 191 194 198 
25 32 34 40 41 51 54 60 62 66 67 73 116 125 127 131 135 137 138 145 146 152 154 158 162 163 166 167 172 175 178 190 
19 21 27 33 37 46 62 68 69 75 92 93 98 102 110 114 115 116 125 134 140 143 149 150 152 153 159 160 165 175 189 191 195 
