15 200
16 24 31 37 40 47 52 55 58 65 70 78 79 90 104 110 114 115 117 134 145 171 177 178 192 195 198 199 200 
1 3 13 17 19 27 45 51 69 78 83 97 101 113 123 146 152 164 194 
5 10 15 20 24 41 43 91 115 135 151 154 162 166 173 178 179 181 182 195 196 199 
4 29 32 35 59 73 78 84 90 101 126 131 158 175 
6 22 37 42 61 78 79 88 90 93 101 111 115 119 132 139 142 150 158 180 183 197 
8 24 25 39 40 48 52 55 67 90 94 95 115 119 121 123 127 130 134 140 153 156 160 161 163 169 187 192 200 
3 18 26 31 33 37 53 55 64 69 74 78 80 81 89 90 94 107 111 112 117 123 125 128 130 136 137 141 147 153 155 156 161 165 171 192 
11 18 23 31 33 34 50 62 63 64 66 71 80 86 89 90 100 106 107 115 118 120 122 131 148 150 165 172 174 
23 24 33 37 38 39 44 75 78 93 100 108 115 123 134 137 138 139 144 145 150 153 165 168 188 189 192 197 
11 23 38 49 68 97 105 115 116 123 139 159 180 188 190 191 196 
2 11 21 23 36 37 53 75 77 82 85 90 106 111 120 124 130 136 137 141 150 167 172 180 183 184 197 
3 14 18 25 40 54 55 57 58 61 76 90 99 103 109 115 119 121 127 128 145 154 157 163 180 199 200 
28 30 37 46 56 57 60 90 92 96 99 102 103 111 121 129 130 170 176 185 186 193 
12 13 16 23 31 44 47 57 70 75 78 79 80 90 98 104 111 120 123 130 133 134 136 139 143 171 180 183 
3 6 7 9 13 31 37 40 50 57 62 72 73 76 78 79 87 90 97 99 101 111 115 130 139 145 149 155 178 180 186 192 193 
