15 200
4 39 41 42 65 94 105 111 130 140 169 170 174 181 
1 10 29 73 97 120 123 129 131 135 151 159 182 185 197 
5 7 18 30 78 87 91 101 116 138 164 165 171 175 
22 25 38 51 60 67 69 71 72 126 137 144 152 
8 11 16 17 32 57 70 93 107 108 110 156 177 
36 52 54 80 84 96 114 118 160 
3 6 14 35 48 62 64 89 98 104 127 132 133 134 141 149 181 193 
9 19 33 34 49 55 59 86 95 103 109 124 139 148 154 157 158 168 194 
12 20 43 68 75 83 92 117 119 128 173 189 
15 24 45 46 56 77 85 136 142 143 147 164 178 192 200 
2 21 23 31 50 61 66 76 81 102 112 128 134 150 153 162 166 179 180 195 
26 82 113 163 183 
28 37 40 44 47 53 88 99 115 122 146 161 167 172 184 188 196 
58 70 74 79 90 100 106 121 133 145 198 
13 27 63 125 126 155 176 178 186 187 190 191 199 
