20 200
43 49 85 107 139 163 190 
4 21 36 42 75 84 96 108 112 115 123 128 150 
8 30 37 47 50 55 60 92 123 178 183 184 188 
11 20 25 34 36 37 38 47 67 72 77 97 98 105 109 110 137 150 152 174 179 195 
18 21 28 50 52 74 75 78 88 94 112 129 164 186 
1 6 7 25 37 44 54 72 82 93 96 133 145 166 167 
2 15 39 40 46 50 58 86 90 101 126 127 141 170 191 200 
24 41 45 51 73 80 89 91 121 131 134 151 168 178 194 
12 14 16 21 26 50 59 119 123 133 150 159 189 
16 22 63 64 69 77 117 120 143 161 169 199 
3 18 34 50 51 54 73 75 93 97 103 130 133 136 141 145 148 179 
10 27 35 53 77 95 100 102 103 105 111 114 135 140 192 197 
11 68 76 77 101 103 107 138 141 144 149 176 
13 29 34 48 70 93 113 126 171 173 177 
25 34 44 65 69 77 93 103 123 132 141 175 176 180 195 
9 20 32 66 71 100 102 103 104 106 118 125 138 142 156 157 165 172 
1 3 9 17 20 21 31 33 66 75 112 119 122 141 146 155 187 
5 9 19 25 33 61 67 96 107 147 155 182 
43 56 81 87 116 124 153 154 157 160 162 172 185 193 196 198 
1 23 35 57 62 79 83 96 99 122 158 172 181 
