25 200
8 37 120 185 199 
52 76 77 78 102 103 114 121 132 142 164 186 
22 83 111 118 173 198 
46 61 67 130 146 175 191 197 
55 84 96 98 107 122 141 143 181 192 
40 64 71 93 127 131 149 157 
9 14 21 69 72 97 100 123 140 174 178 
28 36 38 56 80 82 89 125 156 161 179 189 
2 45 81 99 108 129 
2 13 62 92 104 135 145 168 
7 70 138 147 150 171 195 
1 26 32 35 39 63 79 126 170 176 
48 85 133 137 139 144 158 160 162 172 
3 11 19 23 31 41 51 193 
6 34 42 44 53 88 95 134 163 182 
25 50 57 148 155 165 169 188 190 
15 20 54 58 66 68 90 94 105 115 124 167 183 
18 106 117 136 154 184 
4 12 73 86 91 152 
16 30 43 60 74 75 110 159 180 194 
17 101 116 128 177 187 
47 87 112 113 166 
27 29 49 59 109 151 200 
5 24 119 196 
10 33 65 145 153 
