20 200
7 11 19 26 28 29 32 42 43 60 73 75 89 106 107 110 115 125 127 151 170 174 179 182 184 187 190 196 197 
32 46 60 68 71 73 79 82 124 128 131 132 163 172 182 184 196 
22 25 32 60 69 76 86 93 95 104 109 111 112 116 118 122 130 138 142 143 152 162 171 172 173 175 178 181 182 185 195 199 
11 19 25 28 32 42 51 53 57 60 73 76 79 80 82 85 91 110 113 114 127 134 168 179 182 193 196 197 
59 60 69 71 74 76 80 82 86 91 93 108 118 121 128 131 137 143 162 173 179 
1 12 13 19 27 28 32 39 42 48 57 60 64 75 85 87 94 107 119 120 127 129 135 140 145 150 152 156 159 161 167 174 182 184 193 197 
5 8 16 33 35 42 71 72 74 77 82 85 93 95 108 127 135 173 191 
9 12 20 28 30 49 58 67 104 112 127 135 144 148 158 167 175 181 198 200 
60 76 79 82 91 94 100 104 120 124 131 137 142 143 159 164 167 172 181 188 189 195 199 
4 14 15 40 65 74 76 96 102 120 147 164 177 
1 22 31 52 54 57 60 73 76 80 82 85 91 94 104 108 111 113 121 127 129 134 138 143 150 152 162 179 181 182 184 194 196 198 200 
3 10 34 44 76 82 90 110 117 131 133 153 165 167 169 186 196 
8 11 13 16 19 25 28 42 43 60 74 75 88 91 93 94 97 115 119 120 127 135 149 150 156 162 168 179 182 194 
2 17 19 23 25 41 55 70 85 92 126 127 135 139 156 168 176 194 
1 8 22 28 42 44 51 60 61 74 80 86 91 93 95 96 114 116 127 129 135 146 156 160 162 173 183 200 
3 19 26 34 36 42 47 56 60 62 71 79 81 82 84 85 86 88 98 103 131 133 134 141 151 154 155 170 171 180 184 187 196 
1 6 18 32 45 53 60 71 73 78 80 82 85 86 91 93 123 134 136 142 151 154 157 174 175 179 181 182 
19 29 32 39 42 73 80 105 125 151 161 162 171 173 182 184 197 
18 24 37 38 43 47 50 66 83 98 101 103 154 166 170 171 182 187 192 
1 21 35 36 44 60 63 71 73 78 80 82 99 117 126 131 132 140 142 156 167 174 181 184 196 
