30 200
15 27 33 47 121 175 183 
37 53 64 70 112 176 181 
75 83 102 145 147 157 167 184 
7 19 62 137 142 
48 63 89 162 
22 28 50 71 87 95 98 120 140 144 152 177 
3 5 12 80 109 119 150 195 
2 23 84 88 91 110 116 
14 34 46 69 77 85 144 165 198 199 
21 40 51 94 107 146 172 178 188 
18 59 78 151 168 191 192 
55 58 65 81 111 155 158 182 
26 42 76 82 90 103 112 113 149 156 161 164 171 
17 36 61 100 132 139 
60 86 118 185 
103 104 133 
1 10 31 101 114 138 141 190 200 
16 28 39 54 56 71 130 134 153 173 
24 30 66 72 197 
41 79 123 
135 186 194 
11 52 57 105 116 126 129 179 189 
8 13 43 45 92 125 127 131 180 
97 154 160 
6 20 49 106 122 137 170 193 
93 196 
4 38 67 68 73 99 108 117 134 143 148 166 
105 115 187 
2 44 74 124 128 136 147 159 163 
9 25 29 32 35 96 169 174 
