30 200
21 29 37 42 80 130 132 161 166 177 
6 28 40 100 103 104 129 140 170 187 
11 44 46 99 139 141 149 186 195 
24 80 84 117 127 146 
35 59 72 104 109 115 173 176 200 
10 20 22 30 36 37 53 65 68 99 148 179 
29 37 80 112 132 136 145 172 
2 33 38 58 61 83 125 134 154 174 199 
46 48 51 53 83 101 139 167 196 
9 26 39 49 64 77 162 181 
7 38 56 71 83 89 106 118 122 131 150 151 
14 31 38 53 69 
13 34 52 55 60 73 86 107 108 114 117 121 124 141 156 158 169 
19 27 28 40 43 56 57 96 125 144 157 180 
2 24 96 152 178 
16 17 68 73 74 91 99 106 121 184 
1 12 39 71 81 88 128 164 
4 12 20 22 41 53 94 97 99 111 141 142 147 148 165 191 
4 22 42 79 90 107 126 138 154 171 194 
49 102 133 179 195 
37 87 99 105 107 117 135 141 156 160 193 
13 75 83 93 105 107 117 125 143 155 169 188 
12 15 32 41 62 80 95 107 112 149 183 189 
3 54 55 67 85 108 113 123 127 144 159 
5 76 120 153 185 198 
8 63 83 110 125 137 163 168 192 197 
24 41 45 47 78 96 111 133 
18 23 46 70 75 82 98 112 139 149 175 178 
2 33 78 92 96 99 116 133 179 190 195 
19 24 25 50 57 66 119 133 141 182 
