30 200
15 27 48 124 184 192 
54 65 71 110 142 150 151 185 190 
77 85 104 153 166 176 193 
7 19 63 158 
49 64 91 171 
22 28 51 89 97 100 123 161 186 
3 5 12 82 109 111 122 159 
2 23 73 86 90 93 112 119 
14 47 70 79 87 145 148 174 
21 41 52 96 115 154 181 187 197 
18 60 80 160 177 200 
56 59 66 74 83 113 138 164 167 191 
26 43 78 84 92 105 108 114 116 165 170 173 180 
17 32 34 62 102 135 
31 61 88 121 194 
38 105 106 136 141 143 
1 10 103 117 199 
16 40 55 57 72 133 139 144 147 162 182 
24 35 67 
42 81 126 149 
157 195 
11 53 58 107 119 129 132 188 198 
8 13 29 44 46 94 128 130 134 189 
99 163 169 
6 20 37 50 125 179 
95 
4 33 39 68 69 75 101 120 137 152 175 
36 118 140 196 
2 30 45 76 127 131 155 156 168 172 
9 25 98 146 178 183 
