10 100
6 10 13 16 29 35 39 44 52 55 62 74 84 85 89 
11 22 23 26 57 62 67 74 76 81 83 87 99 
8 9 15 18 24 26 29 32 40 43 45 48 55 57 58 61 64 68 72 73 85 93 95 97 100 
9 10 13 14 16 21 29 32 37 38 46 51 68 74 75 77 79 85 90 92 96 97 99 
6 10 26 28 31 32 35 38 41 42 47 52 54 55 56 57 59 63 65 67 71 74 76 83 84 92 94 98 99 
2 12 15 17 26 29 35 38 42 43 47 48 57 59 67 71 78 82 86 88 
1 9 10 15 16 18 19 25 27 31 32 35 36 37 55 68 70 71 74 84 91 94 95 96 99 
2 3 5 6 7 9 13 17 20 25 28 29 30 31 33 34 35 36 37 47 48 49 50 53 54 58 59 60 66 69 71 74 77 85 91 96 98 
5 10 17 23 26 29 31 36 38 43 47 48 55 57 61 71 84 85 89 94 95 99 
4 10 16 31 37 41 47 55 59 68 69 71 80 94 99 
