20 100
8 40 53 72 82 84 
36 40 49 92 
10 12 18 25 26 68 72 88 92 
25 38 40 45 49 60 
9 11 22 27 33 38 40 46 51 73 78 94 
13 27 38 45 49 59 60 74 86 89 99 
1 23 29 47 52 74 95 
4 18 49 63 69 87 93 
3 20 27 31 36 39 66 70 79 
17 33 54 56 61 74 90 
5 6 30 32 34 37 40 45 49 55 59 60 68 69 72 96 
7 41 
35 72 74 96 
2 15 19 37 43 60 71 
9 21 32 33 38 50 58 72 80 81 94 96 
44 60 67 75 83 85 100 
12 14 20 26 30 39 45 48 49 62 64 88 92 98 
28 42 60 74 82 85 86 97 
24 26 65 75 91 
16 23 49 57 60 76 77 89 100 
