20 100
6 29 36 42 49 59 76 80 85 90 99 
3 15 23 24 28 31 34 65 68 90 
9 10 13 28 29 34 42 52 60 68 70 78 84 85 92 
11 16 23 29 34 42 47 52 72 73 75 85 90 92 99 
11 19 23 25 28 29 31 34 38 68 84 
6 17 42 52 64 69 71 76 92 95 
1 7 15 17 20 33 39 100 
8 12 46 52 56 60 64 82 87 88 97 
3 5 10 11 13 21 23 28 34 38 40 50 83 85 86 
11 26 32 38 42 43 44 74 86 98 
17 21 29 31 32 45 52 56 65 90 
11 41 42 48 65 73 75 
14 16 17 32 42 52 58 68 69 75 76 79 89 100 
2 16 30 42 51 55 63 
4 11 28 29 32 42 52 53 65 73 78 
10 22 35 36 37 48 54 57 61 68 79 90 
10 13 21 23 28 29 34 45 47 52 61 67 68 77 84 85 90 93 96 
28 29 34 76 91 92 94 
10 18 27 36 49 52 54 61 62 66 77 81 90 
6 15 22 35 42 48 55 65 68 69 
