25 100
4 30 36 41 42 58 80 86 
17 21 38 72 73 80 91 
9 19 20 27 53 63 89 95 96 
16 43 50 51 74 91 
10 22 33 48 56 67 
9 32 37 40 41 44 52 83 93 95 98 
3 6 10 11 57 67 69 78 
6 21 23 26 41 46 47 51 68 82 
25 41 52 67 77 
10 30 41 55 77 88 
5 38 39 51 82 
15 28 32 40 50 51 64 71 93 99 
2 23 34 40 51 66 82 100 
5 38 49 75 77 
10 12 13 46 59 70 80 81 84 85 
67 82 92 97 
1 10 21 34 55 66 77 100 
7 10 38 49 51 71 
21 65 66 79 
8 14 21 34 61 76 82 91 
6 25 30 36 41 46 47 60 87 94 
10 21 24 38 54 66 
2 10 17 23 29 34 38 46 62 67 75 80 81 82 84 
18 35 45 58 67 80 
24 31 34 38 77 80 90 
