10 200
7 18 24 37 58 59 67 69 79 104 114 124 128 129 135 155 164 197 199 
20 25 32 47 60 72 92 101 108 112 113 121 126 132 142 145 146 157 165 
2 12 16 26 27 28 31 41 42 50 53 85 91 96 110 117 118 137 147 163 178 184 195 
36 49 63 70 97 106 109 115 120 144 150 160 172 185 187 193 
6 14 34 54 64 65 68 93 94 159 166 167 176 198 
44 45 62 75 77 81 83 84 116 119 139 143 161 168 180 
1 10 22 33 35 38 73 76 88 107 122 127 133 141 149 162 169 173 174 186 
2 13 15 29 39 57 61 78 95 99 105 111 130 138 151 156 158 170 171 190 191 200 
3 4 5 9 17 19 43 46 51 52 71 74 82 90 100 102 123 125 134 152 154 175 177 182 189 192 194 
8 11 21 23 30 40 48 55 56 66 80 86 87 89 98 103 131 136 140 148 153 179 181 183 188 196 
