10 200
2 4 20 22 32 34 36 40 43 48 49 50 54 58 67 68 79 80 84 89 107 108 110 113 114 116 119 131 132 137 141 142 146 155 161 168 172 178 183 185 193 198 
2 4 15 20 23 32 39 41 43 46 54 55 62 64 65 67 72 75 76 78 80 81 85 90 94 95 104 105 110 115 116 119 125 126 138 142 144 148 152 162 168 172 173 176 183 190 193 195 
2 9 10 12 13 20 35 52 59 64 77 83 86 89 91 93 99 102 103 120 122 128 130 136 140 145 150 160 169 171 174 177 187 191 196 199 
2 20 21 24 32 36 40 55 56 59 62 64 65 74 79 80 89 96 97 102 105 106 116 118 119 123 125 134 135 141 146 152 157 161 168 177 178 180 185 188 192 196 199 
2 17 25 28 32 37 40 41 42 43 44 45 46 57 63 64 65 80 85 88 89 92 96 102 104 106 107 116 133 134 142 143 148 154 155 162 165 168 181 182 185 
3 12 14 20 27 30 31 32 33 43 46 69 73 80 82 85 87 88 89 92 93 94 101 104 108 119 127 129 138 139 153 156 167 169 170 173 181 184 185 190 196 
1 7 17 18 28 29 34 35 36 40 44 47 56 61 64 65 71 80 83 88 89 96 102 103 106 108 109 116 120 122 125 135 142 160 163 166 169 175 185 186 197 199 
2 10 11 17 18 19 20 25 28 32 38 40 43 44 61 67 79 80 88 89 102 104 106 107 108 111 116 117 120 124 141 147 150 164 169 180 185 194 
6 12 19 20 25 27 32 33 35 37 39 43 46 49 53 61 64 66 77 80 93 96 113 117 122 125 128 145 151 165 168 169 173 176 183 200 
5 8 10 16 19 26 29 44 51 60 65 70 79 96 98 100 106 112 116 121 149 158 159 179 189 
