10 200
7 18 24 57 58 76 101 111 118 120 124 129 148 151 154 157 190 192 
20 25 35 46 59 62 64 70 89 98 105 109 110 122 126 136 139 140 151 158 163 166 
2 12 16 26 27 28 40 41 49 52 82 88 93 107 114 115 123 131 141 156 165 171 177 188 
34 48 62 66 94 103 106 112 138 144 167 178 180 186 196 197 200 
6 14 53 63 90 91 150 159 160 162 169 191 195 198 
33 43 44 61 73 74 78 80 81 113 121 133 137 161 173 
1 10 22 65 71 85 104 115 127 135 143 155 162 164 179 
2 13 15 29 30 32 36 38 56 60 67 75 92 96 102 108 119 121 132 145 149 183 184 193 
3 4 5 9 17 19 37 42 45 50 51 68 69 72 73 79 87 97 99 120 124 128 146 153 168 170 175 182 185 187 199 
8 11 21 23 30 31 39 47 54 55 77 83 84 86 95 100 116 117 125 130 134 142 146 147 152 172 174 176 181 189 194 
