15 200
6 32 38 48 63 74 82 101 104 133 155 197 
1 3 5 18 30 34 45 51 91 94 100 102 104 117 125 135 165 167 170 178 184 199 
13 19 26 27 50 67 87 129 130 145 158 179 197 
17 36 52 53 55 56 68 97 118 136 144 146 171 172 194 195 
17 43 48 54 78 79 81 122 133 134 144 168 169 175 193 
6 9 11 40 48 60 71 85 89 105 126 139 168 178 185 188 
3 4 29 33 38 66 71 98 104 115 139 152 157 159 167 168 174 176 178 186 188 190 200 
8 14 20 24 31 38 41 71 72 80 95 107 114 120 123 124 133 137 151 152 157 161 172 177 181 191 
22 24 32 43 47 48 63 65 69 75 88 90 99 133 141 143 148 153 178 200 
7 14 26 32 42 57 75 113 129 140 142 143 148 164 166 173 
2 14 29 46 57 61 71 83 99 103 107 110 116 119 131 150 151 183 188 193 200 
25 48 59 62 64 84 108 127 128 138 154 168 180 185 186 192 
23 35 37 39 44 49 66 70 74 77 86 93 106 112 127 132 147 149 156 157 162 182 187 189 198 
15 16 28 29 48 54 56 58 63 73 76 92 107 111 133 160 163 176 188 
10 12 21 32 38 56 74 96 97 102 104 109 121 133 139 144 156 163 188 196 
