20 200
7 30 115 129 159 162 185 
2 58 69 88 103 118 128 155 168 173 190 195 
3 11 26 29 40 44 78 86 92 93 119 136 
39 111 112 120 122 146 150 164 174 175 
18 89 94 95 132 177 180 188 200 
10 15 32 55 63 90 104 114 126 137 
75 77 113 130 134 138 139 151 161 197 
6 25 38 68 71 105 124 133 135 143 147 148 152 158 170 178 
22 66 67 85 156 165 
8 36 46 52 73 74 108 140 141 142 199 
23 99 184 191 
17 21 24 57 76 96 154 176 182 193 
5 48 56 60 61 84 107 117 157 169 179 
27 31 35 42 59 65 72 109 144 167 
16 53 64 81 108 120 160 163 186 198 
19 20 49 50 98 101 110 172 187 189 
1 4 28 51 83 102 116 121 153 
9 12 14 34 41 79 82 91 97 100 149 166 171 183 192 
43 45 70 80 106 125 131 194 196 
1 13 33 37 47 54 62 87 123 127 145 181 
