25 200
2 5 43 55 57 71 88 89 134 143 145 197 
13 17 27 41 46 66 72 82 84 86 123 126 129 133 134 145 186 
16 19 26 69 127 195 
31 40 80 90 98 112 116 130 155 167 174 
52 83 86 89 104 108 110 118 119 137 144 145 154 178 
20 26 33 45 77 81 114 168 177 
7 10 24 25 43 108 110 116 118 128 137 142 149 158 175 181 
25 29 34 35 37 38 41 50 62 75 83 101 115 116 129 134 138 142 145 150 151 157 160 175 183 188 190 191 
2 24 30 48 60 79 88 106 112 114 139 141 157 166 177 199 
2 11 24 57 60 88 89 112 116 122 134 137 139 143 147 175 181 
8 13 15 53 56 59 72 85 86 91 103 117 123 129 132 149 170 189 
1 6 23 53 59 76 103 114 116 132 149 168 170 180 
17 34 41 46 53 58 63 83 86 100 116 119 145 150 161 162 173 188 191 
4 12 14 22 41 51 90 103 111 125 149 167 179 193 196 
2 94 95 108 109 120 124 134 135 184 
9 35 36 39 41 61 90 115 123 129 130 145 146 176 200 
11 41 42 49 58 63 74 102 112 123 134 172 187 192 
44 46 59 132 163 174 182 185 
41 87 92 104 108 153 171 178 
21 38 46 99 101 112 133 155 167 174 187 
5 24 28 50 54 57 73 78 88 93 105 129 134 136 156 157 160 183 191 
3 25 32 41 47 58 64 65 68 97 107 121 131 148 159 172 192 198 
2 13 41 46 55 63 66 84 86 108 116 119 134 140 145 150 152 169 186 191 
15 36 57 70 103 108 120 123 152 171 189 194 197 
3 11 17 18 24 32 47 53 67 88 96 113 129 132 134 164 165 198 
