25 200
8 68 119 138 180 192 
51 75 76 77 101 102 113 120 131 137 160 181 185 
22 82 110 117 169 191 196 
45 60 66 129 142 170 190 
54 83 95 97 106 121 132 164 176 195 
39 63 70 92 126 130 145 153 
9 14 21 68 96 99 122 139 173 182 
28 55 79 81 88 124 152 157 174 184 
2 44 80 98 107 128 183 
2 13 33 61 91 103 133 138 141 197 
7 34 136 143 146 167 168 188 
1 26 32 38 62 78 125 166 171 199 
47 84 132 135 137 154 156 158 168 
3 11 19 23 31 40 50 186 
6 41 43 52 87 94 159 177 
25 49 56 144 151 161 165 
15 20 53 57 65 67 89 93 104 114 123 163 178 200 
18 69 105 116 134 150 179 
4 12 35 72 85 90 140 148 
16 30 42 59 71 73 74 109 155 175 187 194 
17 100 115 127 172 
36 46 86 111 112 162 163 
27 29 48 58 108 147 181 193 
5 24 37 118 189 198 
10 33 64 141 149 
