25 200
2 27 43 67 71 87 132 183 193 
15 27 28 37 40 48 54 55 56 81 88 98 114 128 137 155 
78 85 108 130 151 197 
31 51 64 96 110 115 122 141 159 
30 33 74 99 129 131 163 174 182 183 196 
32 46 93 97 105 106 107 170 177 186 
12 21 25 45 59 70 109 129 132 152 189 193 
38 45 58 60 70 91 104 125 143 162 164 165 173 180 192 200 
2 26 59 69 75 95 138 150 153 154 198 199 
2 11 13 21 25 49 61 67 100 129 138 160 168 183 189 
6 7 18 72 88 109 133 139 142 188 
1 20 32 46 57 92 103 105 136 139 147 166 187 
3 23 29 63 99 116 124 126 158 180 194 
9 14 34 47 49 101 112 148 168 
5 109 117 118 119 127 140 191 
36 44 52 53 143 171 178 
13 17 22 53 66 68 82 90 111 146 149 158 167 176 
34 62 84 101 113 128 142 144 156 179 
4 5 10 42 50 51 65 141 149 174 
19 48 60 70 77 102 123 143 145 146 169 172 200 
16 35 45 46 67 83 89 94 164 181 185 
39 79 80 104 121 134 157 167 175 184 190 
15 24 27 28 45 62 76 109 128 132 148 193 195 
67 73 86 109 132 133 135 143 149 161 193 
8 13 22 25 39 41 72 120 190 
