20 200
7 31 115 128 140 154 
2 58 65 69 88 103 117 127 151 176 186 191 
3 11 26 40 44 60 78 86 92 93 118 135 160 168 
39 111 119 121 146 151 156 161 
18 64 89 94 95 131 155 169 184 196 
10 15 29 55 90 104 111 114 125 136 145 154 162 174 
66 67 75 77 113 129 133 137 138 142 143 147 164 167 172 193 
6 25 30 38 68 71 105 112 123 132 134 148 153 159 173 181 198 
22 85 166 170 180 200 
8 36 46 52 73 74 108 139 157 178 195 
23 59 99 187 197 
17 21 24 33 57 61 76 96 116 150 152 171 175 189 
5 48 56 84 107 158 163 165 
27 35 42 59 72 109 
16 53 63 81 108 119 139 194 199 
19 20 49 50 62 98 101 110 115 116 144 179 182 183 185 
1 4 28 32 51 83 102 120 149 
9 12 14 34 41 79 82 91 97 100 141 188 
28 43 45 70 80 106 124 130 177 190 192 
1 13 37 47 54 87 122 126 
