30 100
3 17 59 
47 93 
17 21 23 25 46 49 56 69 84 95 
7 9 20 40 48 62 85 
25 50 
11 13 17 25 32 39 40 47 59 80 
1 25 31 35 78 
9 18 24 25 45 60 62 81 84 91 
25 32 39 45 49 69 84 100 
4 16 29 58 61 68 79 95 
9 29 47 55 57 62 76 99 
6 11 47 55 76 92 94 
25 29 55 62 71 85 93 
17 23 29 33 41 62 79 84 
29 33 35 44 62 70 71 84 
5 6 17 39 47 52 72 
2 9 17 25 29 40 63 74 79 99 
10 23 25 40 43 59 85 
3 25 37 40 42 66 90 96 
15 17 25 29 36 45 49 54 62 75 
25 35 45 55 62 65 
9 14 17 19 24 25 34 38 49 67 81 84 
9 17 20 23 25 29 34 40 47 53 62 66 70 83 84 86 
12 41 55 
28 48 
7 22 27 33 49 51 69 97 
9 17 45 80 
25 26 33 56 64 67 71 73 77 81 82 84 87 88 98 
8 13 25 30 32 44 45 49 56 62 70 80 84 
7 17 23 30 34 40 49 59 70 85 89 
