30 200
17 22 28 54 84 120 124 130 133 138 143 151 170 177 186 192 
2 21 30 55 64 78 83 111 122 146 175 188 197 
16 34 53 54 65 72 81 96 101 107 112 136 137 138 142 162 164 169 177 192 195 
38 43 65 82 84 97 110 131 140 145 148 161 163 181 198 
3 12 15 40 50 104 128 135 
23 27 28 31 37 39 69 72 131 138 152 157 177 180 186 200 
4 17 22 28 70 73 76 93 117 119 150 159 163 165 186 189 
2 11 28 35 38 55 56 65 73 82 84 97 127 129 153 156 158 172 182 185 192 
10 16 18 24 34 37 42 43 46 52 82 84 138 172 177 192 
29 65 86 147 162 184 
11 31 35 38 47 48 49 56 58 65 73 89 108 124 138 167 190 192 
16 37 38 47 48 73 89 96 100 134 142 155 177 190 
2 9 36 51 55 65 78 84 93 97 99 100 102 107 134 139 148 171 186 190 197 
7 10 20 21 24 30 38 57 79 82 83 84 87 103 114 124 138 162 189 192 193 
2 9 24 55 79 82 84 93 97 103 114 118 124 138 186 189 192 197 
23 38 39 51 60 66 89 91 116 131 190 191 192 
1 12 29 41 49 56 65 67 74 104 106 132 135 141 154 189 
6 10 28 31 37 39 45 63 75 79 84 93 107 143 165 170 173 183 186 189 
4 28 55 59 63 70 73 84 97 107 123 150 165 181 186 
14 44 55 68 79 81 89 90 91 115 165 180 192 
28 35 51 55 73 79 91 97 131 138 150 165 185 
8 55 62 82 96 129 131 139 158 161 172 174 181 186 
12 17 25 31 55 56 65 73 76 84 93 119 131 138 161 163 168 181 189 190 192 196 
2 32 38 65 77 82 84 85 95 105 121 139 144 149 181 185 
65 81 113 126 135 194 195 199 
5 13 16 26 87 110 125 138 139 172 176 177 192 
9 31 33 35 39 66 68 75 79 89 101 116 124 131 138 148 183 189 190 
17 34 55 71 76 80 84 88 109 138 139 160 186 192 195 
2 31 55 61 65 72 79 81 84 92 93 94 97 101 166 172 177 178 180 192 200 
10 13 16 19 31 35 53 65 84 87 98 107 110 131 138 140 145 162 179 187 189 192 200 
